34 3
37 3
41 3
53 2
92 4
100 2
101 3
104 6
105 5
108 6
109 5
111 7
112 5
115 2
116 4
119 6
120 2
123 3
124 4
127 4
128 5
131 6
135 6
139 4
143 5
147 5
148 4
150 4
151 4
154 3
155 3
158 5
159 4
162 3
163 5
166 4
167 3
168 2
170 4
171 4
174 3
175 3
178 3
179 3
181 2
183 4
186 5
188 2
193 2
196 3
197 4
201 2
205 3
209 2
213 3
217 3
221 4
224 3
228 3
232 3
236 3
240 3
244 4
248 5
252 4
256 4
259 4
263 4
267 5
273 5
280 4
284 3
288 3
292 4
296 4
299 5
303 5
307 5
311 4
315 4
319 4
323 4
327 3
331 4
334 2
338 4
342 3
346 4
350 3
369 4
372 4
