34 3
37 3
41 3
53 2
92 4
100 2
101 3
104 6
105 5
108 6
109 5
111 7
112 5
115 2
116 4
119 6
120 2
123 3
124 4
127 4
128 5
131 6
135 6
139 4
143 5
147 5
148 4
150 4
151 4
154 3
155 3
158 5
159 4
162 3
163 5
166 4
167 3
168 2
170 4
171 4
174 3
175 3
178 3
179 3
181 2
183 4
186 5
188 2
193 2
196 3
197 4
201 2
205 3
209 2
213 3
217 3
221 4
224 3
228 3
232 3
236 3
240 3
244 4
248 5
252 4
256 4
259 4
263 4
267 5
273 5
280 4
284 3
288 3
292 4
296 4
299 5
303 5
307 5
311 4
315 4
319 4
323 4
327 3
331 4
334 2
338 4
342 3
346 4
350 3
369 4
372 4
408 3
411 3
415 3
427 2
466 4
474 2
475 3
478 6
479 5
482 6
483 5
485 7
486 5
489 2
490 4
493 6
494 2
497 3
498 4
501 4
502 5
505 6
509 6
513 4
517 5
521 5
522 4
524 4
525 4
528 3
529 3
532 5
533 4
536 3
537 5
540 4
541 3
542 2
544 4
545 4
548 3
549 3
552 3
553 3
555 2
557 4
560 5
562 2
567 2
570 3
571 4
575 2
579 3
583 2
587 3
591 3
595 4
598 3
602 3
606 3
610 3
614 3
618 4
622 5
626 4
630 4
633 4
637 4
641 5
647 5
654 4
658 3
662 3
666 4
670 4
673 5
677 5
681 5
685 4
689 4
693 4
697 4
701 3
705 4
708 2
712 4
716 3
720 4
724 3
743 4
746 4
