4.030421
4.195974
4.193120
NaN
3.831474
NaN
4.286436
3.746705
4.176078
4.390561
4.229456
3.839680
4.003014
4.047248
NaN
NaN
4.034076
NaN
4.023974
3.830043
3.916066
3.867362
4.689170
5.854415
4.894597
6.696205
4.186413
6.444324
4.581041
6.340276
4.734566
6.271172
6.238056
4.656862
5.038799
4.700306
4.017271
5.729058
4.333078
6.901132
4.377855
4.709890
5.807702
4.948068
6.284112
5.043641
4.831196
4.816969
4.397862
4.434390
4.435761
4.805021
4.620131
4.684417
4.371600
4.816001
4.383811
4.098266
4.617661
4.743990
4.094619
4.325232
4.517035
4.365014
4.556611
4.585406
4.410408
4.786755
4.162597
4.399005
4.173970
4.598931
4.309012
4.476077
4.115796
4.262978
4.039720
4.260482
4.257064
4.269790
4.519045
4.242621
3.990501
4.138879
4.397701
3.961190
4.294062
4.370237
4.198042
3.945697
4.226842
4.189899
4.204209
4.219940
6.457889
5.693806
6.127350
5.494578
5.944235
6.043966
7.075429
7.107064
6.196380
3.890315
3.925957
4.018105
4.609689
4.240697
4.600608
5.145574
4.874053
4.422661
4.765016
4.349819
4.233312
4.011908
3.891675
3.979673
3.980453
3.977674
4.009078
3.980576
4.020336
4.150159
3.879128
NaN
4.080873
3.857345
